0.000000000000000000e+00 9.167505340912152079e-03
1.000000000000000000e+00 9.228297769999449507e-03
2.000000000000000000e+00 1.073830467218739315e-02
3.000000000000000000e+00 1.026409216333901142e-02
4.000000000000000000e+00 1.036610120205749830e-02
5.000000000000000000e+00 1.051068846128677681e-02
6.000000000000000000e+00 1.020367256297560754e-02
7.000000000000000000e+00 1.058915985298691798e-02
8.000000000000000000e+00 1.022504277491964597e-02
9.000000000000000000e+00 1.045234873363998229e-02
1.000000000000000000e+01 1.055303648939753813e-02
1.100000000000000000e+01 9.236109156619320970e-03
1.200000000000000000e+01 9.400099423094276929e-03
1.300000000000000000e+01 1.012124741207132139e-02
1.400000000000000000e+01 1.052417998794508147e-02
1.500000000000000000e+01 8.887926649541078028e-03
1.600000000000000000e+01 8.414781110254732077e-03
1.700000000000000000e+01 1.074093006225962377e-02
1.800000000000000000e+01 1.035081282133776259e-02
1.900000000000000000e+01 1.029455407901713748e-02
2.000000000000000000e+01 1.053798607788603015e-02
2.100000000000000000e+01 1.021264042864800103e-02
2.200000000000000000e+01 1.056286059532307586e-02
2.300000000000000000e+01 1.023711024851259310e-02
2.400000000000000000e+01 1.049193872087050838e-02
2.500000000000000000e+01 1.034543125330678048e-02
2.600000000000000000e+01 1.036780817093474472e-02
2.700000000000000000e+01 1.047005515371257633e-02
2.800000000000000000e+01 1.027202815177130635e-02
2.900000000000000000e+01 1.049070314568223417e-02
3.000000000000000000e+01 1.030859991201815706e-02
3.100000000000000000e+01 1.057853340883141424e-02
3.200000000000000000e+01 7.074857052817407066e-03
3.300000000000000000e+01 8.342635447352697575e-03
3.400000000000000000e+01 1.243216630343468854e-02
3.500000000000000000e+01 7.744599673655261363e-03
3.600000000000000000e+01 1.127860518890355657e-02
3.700000000000000000e+01 6.980822862224123071e-03
3.800000000000000000e+01 -5.468401230446229278e-05
3.900000000000000000e+01 9.783284182823703823e-03
4.000000000000000000e+01 3.958950519697190806e-03
4.100000000000000000e+01 5.251477829215422943e-03
4.200000000000000000e+01 1.291674570877177075e-02
4.300000000000000000e+01 -3.028484654453045266e-03
4.400000000000000000e+01 -6.057563524008990896e-03
4.500000000000000000e+01 6.804777147082052835e-03
4.600000000000000000e+01 1.078230638371613370e-02
4.700000000000000000e+01 1.025529703712757534e-02
4.800000000000000000e+01 1.004709546681481491e-02
4.900000000000000000e+01 1.130171258585244143e-02
5.000000000000000000e+01 9.235618448509508305e-03
5.100000000000000000e+01 1.197153035646947306e-02
5.200000000000000000e+01 8.289129026229802299e-03
5.300000000000000000e+01 -1.665177145768970135e-03
5.400000000000000000e+01 5.530581390831179611e-03
5.500000000000000000e+01 -7.961323252514418414e-05
5.600000000000000000e+01 -8.463153340868778685e-03
5.700000000000000000e+01 -1.802867576153333040e-03
5.800000000000000000e+01 1.788483169682608676e-03
5.900000000000000000e+01 2.063215238758520087e-03
6.000000000000000000e+01 7.173235199804284257e-03
6.100000000000000000e+01 1.115889358141219923e-02
6.200000000000000000e+01 -1.478455559321023571e-02
6.300000000000000000e+01 -8.660423164026487264e-03
6.400000000000000000e+01 8.492472882172807935e-03
6.500000000000000000e+01 -3.097253858277637661e-03
6.600000000000000000e+01 4.235124454571637109e-03
6.700000000000000000e+01 -1.201158120191503365e-03
6.800000000000000000e+01 6.854754332835999442e-03
6.900000000000000000e+01 1.715773800322961673e-02
7.000000000000000000e+01 9.981794079061412361e-04
7.100000000000000000e+01 6.507927447278460953e-03
7.200000000000000000e+01 4.479226535099023465e-03
7.300000000000000000e+01 -1.797928676544380266e-03
7.400000000000000000e+01 3.649861986586899754e-03
7.500000000000000000e+01 -3.429228999531686028e-03
7.600000000000000000e+01 -3.494610188611413371e-03
7.700000000000000000e+01 -8.820963263301839774e-04
7.800000000000000000e+01 -1.053071372429048580e-03
7.900000000000000000e+01 -1.610600706598108722e-02
8.000000000000000000e+01 -1.117363459811560045e-02
8.100000000000000000e+01 -1.073399769831662187e-02
8.200000000000000000e+01 -2.797015153787218988e-02
8.300000000000000000e+01 -9.221233441198628533e-03
8.400000000000000000e+01 9.774274799130289182e-04
8.500000000000000000e+01 -7.408999370232871584e-03
8.600000000000000000e+01 -1.590158856868861825e-03
8.700000000000000000e+01 -2.528210397512831165e-03
8.800000000000000000e+01 -4.694241106907859340e-03
8.900000000000000000e+01 9.854660535752124417e-03
9.000000000000000000e+01 8.481765975043353833e-03
9.100000000000000000e+01 7.544614181634101691e-03
9.200000000000000000e+01 1.096338025994847420e-02
9.300000000000000000e+01 8.686112460840833549e-03
9.400000000000000000e+01 1.177725363600068409e-02
9.500000000000000000e+01 7.687359773638990923e-03
9.600000000000000000e+01 1.031553109519744993e-02
9.700000000000000000e+01 8.096739689919196792e-03
9.800000000000000000e+01 -1.872865650914490310e-03
9.900000000000000000e+01 -1.372314037501776163e-02
1.000000000000000000e+02 -3.153070401605206907e-02
1.010000000000000000e+02 -2.312292124473569466e-02
1.020000000000000000e+02 -1.536941412954107022e-02
1.030000000000000000e+02 -1.244179479075158135e-02
1.040000000000000000e+02 -1.275378504783875044e-03
1.050000000000000000e+02 5.632330960814835308e-03
1.060000000000000000e+02 4.203855436580528071e-03
1.070000000000000000e+02 8.926662599415546850e-04
1.080000000000000000e+02 1.116593989964220768e-02
1.090000000000000000e+02 1.112927806350560989e-02
1.100000000000000000e+02 9.305296548082431229e-03
1.110000000000000000e+02 1.158536669410503706e-02
1.120000000000000000e+02 9.361224250714283990e-03
1.130000000000000000e+02 1.123752349298701159e-02
1.140000000000000000e+02 9.796312729207334868e-03
1.150000000000000000e+02 1.076271815145735111e-02
1.160000000000000000e+02 1.027192446618085953e-02
1.170000000000000000e+02 1.024278155398083978e-02
1.180000000000000000e+02 1.123426667780813570e-02
1.190000000000000000e+02 7.782287954259059504e-03
1.200000000000000000e+02 1.011006167339167927e-02
1.210000000000000000e+02 8.684494976923362586e-03
1.220000000000000000e+02 8.984347510503920553e-03
1.230000000000000000e+02 -3.055169779707878064e-03
1.240000000000000000e+02 -1.538236443425533562e-02
1.250000000000000000e+02 2.214088701284921967e-03
1.260000000000000000e+02 2.771317873315082281e-03
1.270000000000000000e+02 -9.477440043599627550e-03
1.280000000000000000e+02 -3.533453763595595376e-03
1.290000000000000000e+02 5.125183019192514067e-03
1.300000000000000000e+02 8.486793585366969594e-03
1.310000000000000000e+02 1.013453830541377609e-02
1.320000000000000000e+02 1.070540286475230030e-02
1.330000000000000000e+02 1.028525046339046067e-02
1.340000000000000000e+02 1.043087296437139599e-02
1.350000000000000000e+02 1.050325770393545355e-02
1.360000000000000000e+02 1.041526756565647194e-02
1.370000000000000000e+02 1.027661427061954402e-02
1.380000000000000000e+02 1.073439091956629454e-02
1.390000000000000000e+02 9.519332843447636527e-03
1.400000000000000000e+02 8.251725711427626564e-03
1.410000000000000000e+02 7.383330751408179182e-03
1.420000000000000000e+02 1.136322247568766208e-03
1.430000000000000000e+02 -1.143424908707002530e-03
1.440000000000000000e+02 5.924940934803557546e-03
1.450000000000000000e+02 1.034071114298695804e-02
1.460000000000000000e+02 6.896892073319782490e-03
1.470000000000000000e+02 5.709275125827417696e-03
1.480000000000000000e+02 1.017253219599778546e-02
1.490000000000000000e+02 1.073526090986776094e-02
1.500000000000000000e+02 1.008824317034640039e-02
1.510000000000000000e+02 1.066762826481448823e-02
1.520000000000000000e+02 1.019296202613673152e-02
1.530000000000000000e+02 1.048988343167900350e-02
1.540000000000000000e+02 1.039414515254799554e-02
1.550000000000000000e+02 1.031880125158035622e-02
1.560000000000000000e+02 1.048481314396876307e-02
1.570000000000000000e+02 1.028197201061586963e-02
1.580000000000000000e+02 1.047329150942444276e-02
1.590000000000000000e+02 1.035421431676819548e-02
1.600000000000000000e+02 1.034809546616966003e-02
1.610000000000000000e+02 1.048542262793783486e-02
1.620000000000000000e+02 1.028323864807800803e-02
1.630000000000000000e+02 1.022062052936278942e-02
1.640000000000000000e+02 8.699153955224359080e-03
1.650000000000000000e+02 9.146980265444693003e-03
1.660000000000000000e+02 1.092972009558024205e-02
1.670000000000000000e+02 9.860683485076071619e-03
1.680000000000000000e+02 8.905101220276434582e-03
1.690000000000000000e+02 7.319688641751365132e-03
1.700000000000000000e+02 9.696209301356395471e-03
1.710000000000000000e+02 9.618592139778892047e-03
1.720000000000000000e+02 5.137267653606336637e-03
1.730000000000000000e+02 9.504999244996148455e-03
1.740000000000000000e+02 1.116354770549676800e-02
1.750000000000000000e+02 9.748223450001147761e-03
1.760000000000000000e+02 1.086539494154048491e-02
1.770000000000000000e+02 1.009755891098418346e-02
1.780000000000000000e+02 1.051439026893585815e-02
1.790000000000000000e+02 1.040318756574321046e-02
1.800000000000000000e+02 1.029596377121866357e-02
1.810000000000000000e+02 1.051423262910244905e-02
1.820000000000000000e+02 1.025120003974222538e-02
1.830000000000000000e+02 1.049267079744786724e-02
1.840000000000000000e+02 1.032422566632329453e-02
1.850000000000000000e+02 1.039872671454211694e-02
1.860000000000000000e+02 1.040874940232872081e-02
1.870000000000000000e+02 1.034302284002786010e-02
1.880000000000000000e+02 1.042989577466424400e-02
1.890000000000000000e+02 1.035127785470413286e-02
1.900000000000000000e+02 1.040375738719045984e-02
1.910000000000000000e+02 1.038238024072835053e-02
1.920000000000000000e+02 1.037825744989284704e-02
1.930000000000000000e+02 1.039611394752992801e-02
1.940000000000000000e+02 1.037751245821305623e-02
1.950000000000000000e+02 1.038697556597822924e-02
1.960000000000000000e+02 1.039051311962868596e-02
1.970000000000000000e+02 1.037714335379380515e-02
1.980000000000000000e+02 1.039126153171354705e-02
1.990000000000000000e+02 1.038829241419070293e-02
2.000000000000000000e+02 1.036981918924051449e-02
2.010000000000000000e+02 1.041364711516201691e-02
2.020000000000000000e+02 1.035021067643415726e-02
2.030000000000000000e+02 1.041835495413456769e-02
2.040000000000000000e+02 1.036462965230833255e-02
2.050000000000000000e+02 1.038412959147849701e-02
2.060000000000000000e+02 1.043132930674250947e-02
2.070000000000000000e+02 1.029391270181456708e-02
2.080000000000000000e+02 1.052690207893836050e-02
2.090000000000000000e+02 1.020370026740968772e-02
2.100000000000000000e+02 1.058330385241945670e-02
2.110000000000000000e+02 1.023405156385803760e-02
2.120000000000000000e+02 8.761041563531080101e-03
2.130000000000000000e+02 9.989196747213435756e-03
2.140000000000000000e+02 1.064385759093178230e-02
2.150000000000000000e+02 1.022331314509272726e-02
2.160000000000000000e+02 1.046382488965169610e-02
2.170000000000000000e+02 1.037218997435296330e-02
2.180000000000000000e+02 1.036494155292444486e-02
2.190000000000000000e+02 1.041195734371647141e-02
2.200000000000000000e+02 1.039368768640880347e-02
2.210000000000000000e+02 1.033003530098441924e-02
2.220000000000000000e+02 1.048531911076622247e-02
2.230000000000000000e+02 1.025119603694935044e-02
2.240000000000000000e+02 1.054052782355097140e-02
2.250000000000000000e+02 1.029248964978024539e-02
2.260000000000000000e+02 1.036327241653800524e-02
2.270000000000000000e+02 1.061118042855568877e-02
2.280000000000000000e+02 9.850863036165780073e-03
2.290000000000000000e+02 1.142711827571274430e-02
2.300000000000000000e+02 7.918733092559415709e-03
2.310000000000000000e+02 5.965933998718475628e-03
2.320000000000000000e+02 1.087140157178712041e-02
2.330000000000000000e+02 1.045563858734743778e-02
2.340000000000000000e+02 1.012036297580110045e-02
2.350000000000000000e+02 1.069882094426510832e-02
2.360000000000000000e+02 1.010797131666463233e-02
2.370000000000000000e+02 1.059538844297402971e-02
2.380000000000000000e+02 1.028175105078832363e-02
2.390000000000000000e+02 1.041981375528033826e-02
2.400000000000000000e+02 1.040119054129828857e-02
2.410000000000000000e+02 1.034215703821061982e-02
2.420000000000000000e+02 1.042909978778117086e-02
2.430000000000000000e+02 1.036276333164531938e-02
2.440000000000000000e+02 1.037928625790573989e-02
2.450000000000000000e+02 1.040950551957087189e-02
2.460000000000000000e+02 1.038202184760950164e-02
2.470000000000000000e+02 1.034354239021717525e-02
2.480000000000000000e+02 1.049812983171705127e-02
2.490000000000000000e+02 1.019453888902388528e-02
2.500000000000000000e+02 1.066020402998268946e-02
2.510000000000000000e+02 1.011892162394356642e-02
2.520000000000000000e+02 9.007857158602305958e-03
2.530000000000000000e+02 9.666993086376418631e-03
2.540000000000000000e+02 1.085883824842270862e-02
2.550000000000000000e+02 1.029512369797414006e-02
2.560000000000000000e+02 7.390587397074432907e-03
2.570000000000000000e+02 9.026423804000649476e-03
2.580000000000000000e+02 1.106170153368779552e-02
2.590000000000000000e+02 1.001679416512424314e-02
2.600000000000000000e+02 1.055649179301132445e-02
2.610000000000000000e+02 1.035585956197493385e-02
2.620000000000000000e+02 1.032788449162957978e-02
2.630000000000000000e+02 1.049577319849825940e-02
2.640000000000000000e+02 1.027951519811998171e-02
2.650000000000000000e+02 1.047386197836952526e-02
2.660000000000000000e+02 1.032437055169210804e-02
2.670000000000000000e+02 1.041352000673834155e-02
2.680000000000000000e+02 1.038757219753771999e-02
2.690000000000000000e+02 1.036275525317909008e-02
2.700000000000000000e+02 1.041686779201289603e-02
2.710000000000000000e+02 1.035507374277488957e-02
2.720000000000000000e+02 1.040916127775404210e-02
2.730000000000000000e+02 1.036976878564155324e-02
2.740000000000000000e+02 1.039461566058963449e-02
2.750000000000000000e+02 1.038051664968020482e-02
2.760000000000000000e+02 1.038739392533516437e-02
2.770000000000000000e+02 1.038729273096028471e-02
2.780000000000000000e+02 1.037719862126340598e-02
2.790000000000000000e+02 1.040326522293200107e-02
2.800000000000000000e+02 1.035654162193266892e-02
2.810000000000000000e+02 1.042312167803682854e-02
2.820000000000000000e+02 1.034666943251594251e-02
2.830000000000000000e+02 1.041238679874301187e-02
2.840000000000000000e+02 1.038566934030304978e-02
2.850000000000000000e+02 1.034632071187757685e-02
2.860000000000000000e+02 1.046427386860471209e-02
2.870000000000000000e+02 1.027853285565294428e-02
2.880000000000000000e+02 1.051209056260504759e-02
2.890000000000000000e+02 1.028805898947415809e-02
2.900000000000000000e+02 1.043121521690071329e-02
2.910000000000000000e+02 1.041247727844940574e-02
2.920000000000000000e+02 1.028563117170222529e-02
2.930000000000000000e+02 1.051252486848353040e-02
2.940000000000000000e+02 8.091227645406040558e-03
2.950000000000000000e+02 8.971238796716574093e-03
2.960000000000000000e+02 1.016066855046993123e-02
2.970000000000000000e+02 1.027996855143231691e-02
2.980000000000000000e+02 1.127369323869720219e-02
2.990000000000000000e+02 5.988901089528320121e-03
3.000000000000000000e+02 6.768299438461911066e-03
3.010000000000000000e+02 9.479600109903563165e-03
3.020000000000000000e+02 8.521825080123890395e-03
3.030000000000000000e+02 1.103618435847053547e-02
3.040000000000000000e+02 1.022543009307386175e-02
3.050000000000000000e+02 1.026620431766256392e-02
3.060000000000000000e+02 1.068530039852022551e-02
3.070000000000000000e+02 1.005322532560148918e-02
3.080000000000000000e+02 1.073949463674517268e-02
3.090000000000000000e+02 1.008685607399839590e-02
3.100000000000000000e+02 1.060697682969935496e-02
3.110000000000000000e+02 1.039457499563412046e-02
3.120000000000000000e+02 9.196329627593535783e-03
3.130000000000000000e+02 7.964041119339460018e-03
3.140000000000000000e+02 7.907633412913450677e-03
3.150000000000000000e+02 1.021006843145511045e-02
3.160000000000000000e+02 7.737666209269078443e-03
3.170000000000000000e+02 5.853834120769119131e-03
3.180000000000000000e+02 8.941496202096610446e-03
3.190000000000000000e+02 1.029933649874659185e-02
3.200000000000000000e+02 1.043513443158505805e-02
3.210000000000000000e+02 1.040475198540968815e-02
3.220000000000000000e+02 1.034230111707157285e-02
3.230000000000000000e+02 1.044627700034495010e-02
3.240000000000000000e+02 1.035703514428187866e-02
3.250000000000000000e+02 1.040471422509026134e-02
3.260000000000000000e+02 1.039137247859511781e-02
3.270000000000000000e+02 1.036053510102252773e-02
3.280000000000000000e+02 1.041034108772875832e-02
3.290000000000000000e+02 1.038047127156516147e-02
3.300000000000000000e+02 1.035758252742191576e-02
3.310000000000000000e+02 1.044656207068983544e-02
3.320000000000000000e+02 1.030267337223012003e-02
3.330000000000000000e+02 1.047082707262581014e-02
3.340000000000000000e+02 1.033021695257352324e-02
3.350000000000000000e+02 1.038255933647591611e-02
3.360000000000000000e+02 1.049312598492024851e-02
3.370000000000000000e+02 1.017140890843215573e-02
3.380000000000000000e+02 1.077149294211399155e-02
3.390000000000000000e+02 9.583281975789614826e-03
3.400000000000000000e+02 9.982688713929044333e-03
3.410000000000000000e+02 1.033759651129972923e-02
3.420000000000000000e+02 7.775255030924688171e-03
3.430000000000000000e+02 8.245693850629454147e-03
3.440000000000000000e+02 7.882657940748494241e-03
3.450000000000000000e+02 9.188994561629137969e-03
3.460000000000000000e+02 1.095657407690153740e-02
3.470000000000000000e+02 1.001181182985799722e-02
3.480000000000000000e+02 1.067783983752135235e-02
3.490000000000000000e+02 1.015445851012486411e-02
3.500000000000000000e+02 1.057392636273568609e-02
3.510000000000000000e+02 1.028362345501776520e-02
3.520000000000000000e+02 1.039566953554338369e-02
3.530000000000000000e+02 1.061907089448810293e-02
3.540000000000000000e+02 9.881257811132027058e-03
3.550000000000000000e+02 1.124982624143078258e-02
3.560000000000000000e+02 9.110301702751399944e-03
3.570000000000000000e+02 1.215435065677172854e-02
3.580000000000000000e+02 7.647551805652463841e-03
3.590000000000000000e+02 -1.224322875626127072e-03
3.600000000000000000e+02 8.594772713964582422e-03
3.610000000000000000e+02 1.124255911723925916e-02
3.620000000000000000e+02 9.256664041634055096e-03
3.630000000000000000e+02 1.129032683711639340e-02
3.640000000000000000e+02 9.760770005907803970e-03
3.650000000000000000e+02 1.075289113720678813e-02
3.660000000000000000e+02 1.029158276614206002e-02
3.670000000000000000e+02 1.033636970429452351e-02
3.680000000000000000e+02 1.054623008872312973e-02
3.690000000000000000e+02 1.015611898120927226e-02
3.700000000000000000e+02 1.063333877553485074e-02
3.710000000000000000e+02 1.016090896926602483e-02
3.720000000000000000e+02 1.056064011318147422e-02
3.730000000000000000e+02 1.026162228972515855e-02
3.740000000000000000e+02 1.048011243757351885e-02
3.750000000000000000e+02 1.036231035609036510e-02
3.760000000000000000e+02 1.031875977401597311e-02
3.770000000000000000e+02 1.061874684628461019e-02
3.780000000000000000e+02 9.886610967462017285e-03
3.790000000000000000e+02 1.142091546909285160e-02
3.800000000000000000e+02 7.460353731239433017e-03
3.810000000000000000e+02 5.641700737062493864e-03
3.820000000000000000e+02 1.142627680624797026e-02
3.830000000000000000e+02 9.517795553639074591e-03
3.840000000000000000e+02 7.934223326296785395e-03
3.850000000000000000e+02 1.073487910364290254e-02
3.860000000000000000e+02 9.928520518422301322e-03
3.870000000000000000e+02 9.772879232137321459e-03
3.880000000000000000e+02 1.026444752407873473e-02
3.890000000000000000e+02 1.038116177903447568e-02
3.900000000000000000e+02 1.056425198414445710e-02
3.910000000000000000e+02 1.006169114998844982e-02
3.920000000000000000e+02 1.078856519509541201e-02
3.930000000000000000e+02 1.002104622284150093e-02
3.940000000000000000e+02 1.059975395450007962e-02
3.950000000000000000e+02 1.047265678135778089e-02
3.960000000000000000e+02 9.925331331439912752e-03
3.970000000000000000e+02 1.138192540240767769e-02
3.980000000000000000e+02 8.956791772555261488e-03
3.990000000000000000e+02 1.232364075946867921e-02
4.000000000000000000e+02 7.703424286516269426e-03
4.010000000000000000e+02 5.030028861037205701e-03
4.020000000000000000e+02 1.091460274527278340e-02
4.030000000000000000e+02 -3.026068905837342449e-03
4.040000000000000000e+02 -2.229528100344269070e-03
4.050000000000000000e+02 7.288479026401062377e-03
4.060000000000000000e+02 7.539192733383104361e-03
4.070000000000000000e+02 1.186181224917592925e-02
4.080000000000000000e+02 9.792614192715043409e-03
4.090000000000000000e+02 1.040539754640656955e-02
4.100000000000000000e+02 1.080949524902530268e-02
4.110000000000000000e+02 9.808432163710412155e-03
4.120000000000000000e+02 1.106537460703527209e-02
4.130000000000000000e+02 9.777839060410520311e-03
4.140000000000000000e+02 1.082100020727572165e-02
4.150000000000000000e+02 1.020890926480955141e-02
4.160000000000000000e+02 1.028336457096168388e-02
4.170000000000000000e+02 1.074425128160971799e-02
4.180000000000000000e+02 9.824420025218660868e-03
4.190000000000000000e+02 1.107309079476903602e-02
4.200000000000000000e+02 7.986455383966362120e-03
4.210000000000000000e+02 9.358444790308562133e-03
4.220000000000000000e+02 1.019645197293339578e-02
4.230000000000000000e+02 9.971683382886453728e-03
4.240000000000000000e+02 1.218262706864703393e-02
4.250000000000000000e+02 -1.371336573567916162e-04
4.260000000000000000e+02 -1.062076380365151174e-03
4.270000000000000000e+02 3.810309336777950584e-03
4.280000000000000000e+02 1.329805343815548824e-03
4.290000000000000000e+02 3.674814440195350862e-03
4.300000000000000000e+02 3.058551376459162086e-04
4.310000000000000000e+02 5.970153258022303788e-03
4.320000000000000000e+02 1.189741407359845571e-02
4.330000000000000000e+02 9.454227009190185882e-03
4.340000000000000000e+02 1.098199451576697960e-02
4.350000000000000000e+02 1.020103317273213239e-02
4.360000000000000000e+02 1.034024629892027480e-02
4.370000000000000000e+02 1.076056722300000601e-02
4.380000000000000000e+02 9.989154401453648191e-03
4.390000000000000000e+02 1.081848221083847594e-02
4.400000000000000000e+02 1.019141026588910037e-02
4.410000000000000000e+02 9.578737330725894950e-03
4.420000000000000000e+02 3.586802583691262036e-03
4.430000000000000000e+02 -2.276082774603893633e-03
4.440000000000000000e+02 1.561848516873465265e-03
4.450000000000000000e+02 -1.309199267268912337e-03
4.460000000000000000e+02 -2.384558488503274454e-03
4.470000000000000000e+02 4.654229306139345823e-03
4.480000000000000000e+02 7.403001913626416908e-03
4.490000000000000000e+02 1.085024435422332623e-02
4.500000000000000000e+02 1.067329320318122221e-02
4.510000000000000000e+02 9.941798035591142835e-03
4.520000000000000000e+02 1.087606754439141010e-02
4.530000000000000000e+02 1.009737306333613471e-02
4.540000000000000000e+02 1.051670309943864012e-02
4.550000000000000000e+02 1.047958570485085783e-02
4.560000000000000000e+02 1.015194294260024499e-02
4.570000000000000000e+02 1.070671858159466527e-02
4.580000000000000000e+02 1.010831367346587406e-02
4.590000000000000000e+02 1.050424556944951071e-02
4.600000000000000000e+02 1.068784597705640937e-02
4.610000000000000000e+02 7.681945590405137025e-03
4.620000000000000000e+02 8.019516433897533325e-03
4.630000000000000000e+02 6.814911017845814989e-03
4.640000000000000000e+02 7.643683943112877799e-03
4.650000000000000000e+02 1.115435378744589201e-02
4.660000000000000000e+02 7.447996622568786584e-03
4.670000000000000000e+02 1.008510179582766675e-02
4.680000000000000000e+02 1.098662316811105377e-02
4.690000000000000000e+02 9.262367493906742411e-03
4.700000000000000000e+02 1.247299607811158673e-02
4.710000000000000000e+02 5.863785855605985198e-03
4.720000000000000000e+02 5.513773236361041441e-03
4.730000000000000000e+02 4.202581290772555711e-03
4.740000000000000000e+02 1.099116538620936723e-04
4.750000000000000000e+02 9.395356937575205514e-03
4.760000000000000000e+02 1.013439970442686633e-02
4.770000000000000000e+02 8.998857263028403608e-03
4.780000000000000000e+02 1.190463771812200200e-02
4.790000000000000000e+02 9.359770824237667597e-03
4.800000000000000000e+02 1.082122155544495978e-02
4.810000000000000000e+02 1.100904298212712629e-02
4.820000000000000000e+02 8.635636756752829157e-03
4.830000000000000000e+02 1.415775751542303063e-02
4.840000000000000000e+02 -4.998227425512258293e-04
4.850000000000000000e+02 -1.077560410839506488e-02
4.860000000000000000e+02 4.082021776230848609e-03
4.870000000000000000e+02 -2.762080363367003244e-03
4.880000000000000000e+02 -5.476508485284470318e-03
4.890000000000000000e+02 1.790019469180004208e-04
4.900000000000000000e+02 6.462646472313871016e-04
4.910000000000000000e+02 9.090290818087098934e-03
4.920000000000000000e+02 9.270770382481252625e-03
4.930000000000000000e+02 1.021657444898760314e-02
4.940000000000000000e+02 1.098835444424928198e-02
4.950000000000000000e+02 9.770118352772971804e-03
4.960000000000000000e+02 1.102096791606943516e-02
4.970000000000000000e+02 9.912090692062891506e-03
4.980000000000000000e+02 1.074125788473856424e-02
4.990000000000000000e+02 1.014307748915044272e-02
5.000000000000000000e+02 1.054734929707723534e-02
5.010000000000000000e+02 1.044665525088639413e-02
5.020000000000000000e+02 1.019754499808522841e-02
5.030000000000000000e+02 1.085666648022654002e-02
5.040000000000000000e+02 9.598547008246582912e-03
5.050000000000000000e+02 1.084933940667243135e-02
5.060000000000000000e+02 6.257815190415239037e-03
5.070000000000000000e+02 -3.101839089863278609e-03
5.080000000000000000e+02 -6.515254349623966768e-03
5.090000000000000000e+02 6.773251528263135590e-03
5.100000000000000000e+02 8.878140622372576729e-03
5.110000000000000000e+02 -8.254181740797839062e-03
5.120000000000000000e+02 5.890353182296692580e-03
5.130000000000000000e+02 1.171532696126909023e-02
5.140000000000000000e+02 -1.335857605348267363e-03
5.150000000000000000e+02 9.145023929093665238e-03
5.160000000000000000e+02 1.045144167450662298e-02
5.170000000000000000e+02 6.508561562306058867e-03
5.180000000000000000e+02 1.130000604928138586e-02
5.190000000000000000e+02 8.077426211647975585e-03
5.200000000000000000e+02 7.746756010226008016e-03
5.210000000000000000e+02 1.068469850744324656e-02
5.220000000000000000e+02 9.948099301806623274e-03
5.230000000000000000e+02 1.126513463248279834e-02
5.240000000000000000e+02 9.304175369701184195e-03
5.250000000000000000e+02 1.187402087559330521e-02
5.260000000000000000e+02 8.077207864470525855e-03
5.270000000000000000e+02 -5.179060691346659695e-03
5.280000000000000000e+02 2.850312861579107349e-03
5.290000000000000000e+02 3.337996255835862236e-03
5.300000000000000000e+02 -1.388115867995243224e-02
5.310000000000000000e+02 -1.841685580643159792e-02
5.320000000000000000e+02 -8.051648864097593616e-03
5.330000000000000000e+02 6.293889428852006418e-03
5.340000000000000000e+02 8.364000237746527233e-03
5.350000000000000000e+02 8.974478077583447622e-03
5.360000000000000000e+02 1.135229865413744932e-02
5.370000000000000000e+02 9.835468226913057777e-03
5.380000000000000000e+02 1.086873281795031065e-02
5.390000000000000000e+02 1.018088903663461053e-02
5.400000000000000000e+02 1.049619024917225474e-02
5.410000000000000000e+02 1.037896078234068487e-02
5.420000000000000000e+02 1.030081954134876021e-02
5.430000000000000000e+02 1.058022970668381912e-02
5.440000000000000000e+02 1.006314174950095897e-02
5.450000000000000000e+02 1.097091335492095254e-02
5.460000000000000000e+02 9.624969481210388089e-03
5.470000000000000000e+02 1.142305507250851448e-02
5.480000000000000000e+02 8.694752816072681689e-03
5.490000000000000000e+02 9.378823411583803171e-03
5.500000000000000000e+02 1.090587737723225370e-02
5.510000000000000000e+02 -4.298438139809346303e-03
5.520000000000000000e+02 -1.613974382783323058e-03
5.530000000000000000e+02 7.887154084186387415e-03
5.540000000000000000e+02 -9.600404489051861390e-06
5.550000000000000000e+02 -2.908092820765761921e-03
5.560000000000000000e+02 6.801399903898941446e-03
5.570000000000000000e+02 9.157172130407453814e-03
5.580000000000000000e+02 -5.429943356420330325e-03
5.590000000000000000e+02 -1.597570038784912327e-03
5.600000000000000000e+02 1.092523069179396344e-02
5.610000000000000000e+02 9.831414627483381352e-03
5.620000000000000000e+02 9.417399269207149537e-03
5.630000000000000000e+02 9.437878412482669788e-03
5.640000000000000000e+02 1.046486644702693258e-02
5.650000000000000000e+02 1.064703940893052536e-02
5.660000000000000000e+02 1.011463590948724622e-02
5.670000000000000000e+02 1.063250539589044585e-02
5.680000000000000000e+02 1.032277693144034725e-02
5.690000000000000000e+02 9.791161796184999488e-03
5.700000000000000000e+02 9.910577881908189113e-03
5.710000000000000000e+02 1.050851489451642973e-02
5.720000000000000000e+02 1.039178240032023748e-02
5.730000000000000000e+02 9.915409194704571938e-03
5.740000000000000000e+02 6.223457237975904555e-03
5.750000000000000000e+02 6.322935216872438424e-03
5.760000000000000000e+02 1.065097954464355734e-02
5.770000000000000000e+02 9.089391155244874732e-03
5.780000000000000000e+02 9.221691644381135866e-03
5.790000000000000000e+02 1.090848004087308087e-02
5.800000000000000000e+02 1.002710027762032663e-02
5.810000000000000000e+02 1.065489903705729713e-02
5.820000000000000000e+02 1.024787898697065991e-02
5.830000000000000000e+02 1.040075214300195672e-02
5.840000000000000000e+02 1.051733864988613210e-02
5.850000000000000000e+02 1.011535473686797637e-02
5.860000000000000000e+02 1.076715357499580250e-02
5.870000000000000000e+02 9.976736677188124958e-03
5.880000000000000000e+02 1.076338400459897482e-02
5.890000000000000000e+02 1.021921293522509711e-02
5.900000000000000000e+02 1.036374151118513165e-02
5.910000000000000000e+02 1.061620150817943475e-02
5.920000000000000000e+02 8.783857999163258157e-03
5.930000000000000000e+02 1.029846383655697029e-02
5.940000000000000000e+02 3.393651132277408777e-03
5.950000000000000000e+02 2.281976200028013047e-03
5.960000000000000000e+02 3.098079739255688025e-03
5.970000000000000000e+02 7.547516495356454413e-04
5.980000000000000000e+02 1.179326236050581844e-02
5.990000000000000000e+02 3.827195843607356096e-03
6.000000000000000000e+02 -3.982832697302374214e-04
6.010000000000000000e+02 9.514439944653507730e-03
6.020000000000000000e+02 1.010593898906098076e-02
6.030000000000000000e+02 1.036284213631921691e-02
6.040000000000000000e+02 9.973374018588776480e-03
6.050000000000000000e+02 1.163550228576215595e-02
6.060000000000000000e+02 8.369251008696676486e-03
6.070000000000000000e+02 1.300111434299477953e-02
6.080000000000000000e+02 8.323855227693854886e-03
6.090000000000000000e+02 1.117738429493864150e-02
6.100000000000000000e+02 1.264042013357014049e-02
6.110000000000000000e+02 3.903501283489929641e-03
6.120000000000000000e+02 1.623753285133855417e-02
6.130000000000000000e+02 -2.054071304130922204e-02
6.140000000000000000e+02 -2.133846126490901440e-02
6.150000000000000000e+02 -1.924025420766684036e-02
6.160000000000000000e+02 -3.847396616847842399e-02
6.170000000000000000e+02 -8.059951476920734770e-03
6.180000000000000000e+02 -2.653732543080111750e-02
6.190000000000000000e+02 -6.901314641715949882e-03
6.200000000000000000e+02 7.450842743325636341e-03
6.210000000000000000e+02 -2.302172044936545703e-03
6.220000000000000000e+02 1.267396410823384834e-02
6.230000000000000000e+02 4.442225525384979612e-03
6.240000000000000000e+02 1.233964145058796813e-02
6.250000000000000000e+02 1.096651339984144879e-02
6.260000000000000000e+02 8.735365856249455163e-03
6.270000000000000000e+02 1.228895980839461721e-02
6.280000000000000000e+02 8.967691431530422363e-03
6.290000000000000000e+02 1.109109891804249681e-02
6.300000000000000000e+02 1.037594489796822561e-02
6.310000000000000000e+02 1.011051728371059610e-02
6.320000000000000000e+02 1.042904874272976290e-02
6.330000000000000000e+02 1.136115713710439401e-02
6.340000000000000000e+02 7.491395621230800828e-03
6.350000000000000000e+02 1.020312269158341056e-02
6.360000000000000000e+02 5.873053764640978613e-03
6.370000000000000000e+02 7.125403096837623629e-03
6.380000000000000000e+02 7.676428956624015143e-03
6.390000000000000000e+02 -8.515892023713056425e-03
6.400000000000000000e+02 2.549352917928793261e-04
6.410000000000000000e+02 4.701162826303839637e-05
6.420000000000000000e+02 3.969345262073598057e-03
6.430000000000000000e+02 1.448002008362270221e-02
6.440000000000000000e+02 8.000512245951441059e-03
6.450000000000000000e+02 1.146626339111167514e-02
6.460000000000000000e+02 1.035292997772196966e-02
6.470000000000000000e+02 9.895383084502884508e-03
6.480000000000000000e+02 1.118988470098003507e-02
6.490000000000000000e+02 9.612815565581356303e-03
6.500000000000000000e+02 1.097297641274974644e-02
6.510000000000000000e+02 1.005432631915448294e-02
6.520000000000000000e+02 1.047318038689171171e-02
6.530000000000000000e+02 1.044559600272843003e-02
6.540000000000000000e+02 1.040022868701417913e-02
6.550000000000000000e+02 1.024344515289543622e-02
6.560000000000000000e+02 1.078815731930860000e-02
6.570000000000000000e+02 9.821358464401352961e-03
6.580000000000000000e+02 9.657466586892815563e-03
6.590000000000000000e+02 1.029310128166482929e-02
6.600000000000000000e+02 1.375638702725723306e-03
6.610000000000000000e+02 -6.123490521299235212e-04
6.620000000000000000e+02 9.367940903102556227e-03
6.630000000000000000e+02 1.022685501480224968e-02
6.640000000000000000e+02 9.292552681402277415e-03
6.650000000000000000e+02 1.252168251035223889e-02
6.660000000000000000e+02 7.790228485482719734e-03
6.670000000000000000e+02 1.264786056781919132e-02
6.680000000000000000e+02 9.526188546866265483e-03
6.690000000000000000e+02 9.042675828111912395e-03
6.700000000000000000e+02 1.439794114875914133e-02
6.710000000000000000e+02 4.018767400760792086e-03
6.720000000000000000e+02 1.787026568675686988e-02
6.730000000000000000e+02 3.968655545515731298e-03
6.740000000000000000e+02 1.301844401223739567e-02
6.750000000000000000e+02 1.409382148459026318e-02
6.760000000000000000e+02 -8.954823400060263339e-04
6.770000000000000000e+02 2.618281051474757870e-02
6.780000000000000000e+02 -1.548740918292179636e-02
6.790000000000000000e+02 3.302276330512554647e-02
6.800000000000000000e+02 -2.421680464271824818e-03
6.810000000000000000e+02 -3.491157824164758949e-06
6.820000000000000000e+02 4.027156799630693396e-02
6.830000000000000000e+02 -5.256857820578086926e-02
6.840000000000000000e+02 8.312322226141821702e-02
6.850000000000000000e+02 -5.571446810190516796e-02
6.860000000000000000e+02 3.749043318644240674e-02
6.870000000000000000e+02 1.503401641190804661e-02
6.880000000000000000e+02 -7.194197173854288696e-02
6.890000000000000000e+02 1.664609647879230492e-01
6.900000000000000000e+02 -2.113541644736518510e-01
6.910000000000000000e+02 2.423893594683020902e-01
6.920000000000000000e+02 -1.780059476218707193e-01
6.930000000000000000e+02 5.461179484730682709e-02
6.940000000000000000e+02 2.125991606346407936e-01
6.950000000000000000e+02 -8.621309059344620662e-01
6.960000000000000000e+02 1.137869094065537823e+00
6.970000000000000000e+02 -2.924726756825517526e-01
6.980000000000000000e+02 -6.595610239886040560e-01
6.990000000000000000e+02 6.874993328697963646e-01
7.000000000000000000e+02 -5.834523757670266875e-01
7.010000000000000000e+02 2.968968488424957863e-01
7.020000000000000000e+02 -2.703353539169699449e-01
7.030000000000000000e+02 1.748736477510159926e-02
7.040000000000000000e+02 4.649125012564947479e-02
7.050000000000000000e+02 -1.323541701986757912e-01
7.060000000000000000e+02 5.108962224270507946e-02
7.070000000000000000e+02 -1.222297853192165773e-01
7.080000000000000000e+02 1.994780368362125689e-02
7.090000000000000000e+02 -9.884880126900241759e-02
7.100000000000000000e+02 8.459285165316765553e-02
7.110000000000000000e+02 -5.804870557965768896e-02
7.120000000000000000e+02 -7.420286142514875838e-02
7.130000000000000000e+02 2.423695125329150546e-02
7.140000000000000000e+02 -3.347102795241851947e-02
7.150000000000000000e+02 5.018860313441886323e-02
7.160000000000000000e+02 -4.835877136532351628e-02
7.170000000000000000e+02 -8.365325651319233113e-02
7.180000000000000000e+02 6.170126867837266715e-02
7.190000000000000000e+02 -8.909200589453281083e-02
7.200000000000000000e+02 3.380414066882964086e-02
7.210000000000000000e+02 -5.436193724410465222e-02
7.220000000000000000e+02 2.543993276249834068e-02
7.230000000000000000e+02 -3.425808830484589063e-02
7.240000000000000000e+02 9.431072346106850190e-03
7.250000000000000000e+02 -3.684861214765433601e-02
7.260000000000000000e+02 -1.908528906338358144e-02
7.270000000000000000e+02 7.694098476015764909e-03
7.280000000000000000e+02 -3.596096067976450872e-02
7.290000000000000000e+02 -8.541562077978626100e-03
7.300000000000000000e+02 -3.716375164158558508e-02
7.310000000000000000e+02 2.852293877107725528e-03
7.320000000000000000e+02 -1.652797664032834568e-02
7.330000000000000000e+02 2.058492943072587344e-03
7.340000000000000000e+02 -2.401754588853433070e-02
7.350000000000000000e+02 2.166560358451974366e-04
7.360000000000000000e+02 -7.954886101459890391e-03
7.370000000000000000e+02 2.374759629292011454e-03
7.380000000000000000e+02 -2.875087316080882083e-03
7.390000000000000000e+02 1.006969967905202434e-02
7.400000000000000000e+02 -1.859218435745613185e-02
7.410000000000000000e+02 1.738471606602787212e-03
7.420000000000000000e+02 -1.044753427127065315e-02
7.430000000000000000e+02 -1.230614492020309925e-02
7.440000000000000000e+02 -2.299832543724156242e-02
7.450000000000000000e+02 -3.626131797040188509e-03
7.460000000000000000e+02 -8.216736856889284013e-03
7.470000000000000000e+02 -3.009235525964371050e-02
7.480000000000000000e+02 -4.159437409248289974e-03
7.490000000000000000e+02 -1.459883728488997612e-02
7.500000000000000000e+02 -4.444254088693311289e-03
7.510000000000000000e+02 -1.591156921643710476e-02
7.520000000000000000e+02 -1.485499532705625292e-02
7.530000000000000000e+02 -5.396051499152232367e-03
7.540000000000000000e+02 -6.930232358973831275e-03
7.550000000000000000e+02 1.781996047620970636e-02
7.560000000000000000e+02 1.096140537552248162e-03
7.570000000000000000e+02 1.449167881507618105e-03
7.580000000000000000e+02 5.183069823942454413e-03
7.590000000000000000e+02 -3.008863816206575059e-03
7.600000000000000000e+02 2.209948698776253995e-02
7.610000000000000000e+02 -4.241634346563571967e-02
7.620000000000000000e+02 2.458130192180030260e-02
7.630000000000000000e+02 -3.905112689451850638e-02
7.640000000000000000e+02 -1.781691958905295969e-02
7.650000000000000000e+02 1.828011072694257777e-04
7.660000000000000000e+02 -7.934779281576798127e-02
7.670000000000000000e+02 1.447538506868429886e-01
7.680000000000000000e+02 -2.852604592960630292e-01
7.690000000000000000e+02 -2.255223138366690971e-02
7.700000000000000000e+02 4.168641448116584547e-01
7.710000000000000000e+02 -3.707191488374307897e-01
7.720000000000000000e+02 -1.207692806096050120e-02
7.730000000000000000e+02 1.404284988215976915e-01
7.740000000000000000e+02 -1.833792891095034072e-01
7.750000000000000000e+02 9.771521485668244189e-02
7.760000000000000000e+02 -1.028434970301606022e-01
7.770000000000000000e+02 4.242001060591182870e-02
7.780000000000000000e+02 9.944316480729242791e-03
7.790000000000000000e+02 -3.301293198090837766e-02
7.800000000000000000e+02 4.009660646130175365e-03
7.810000000000000000e+02 -3.382309873567934666e-02
7.820000000000000000e+02 4.947301379450053105e-02
7.830000000000000000e+02 -7.675893402148870059e-02
7.840000000000000000e+02 3.778113212109579511e-02
7.850000000000000000e+02 1.570310137167907349e-02
7.860000000000000000e+02 -7.874582886855518993e-02
7.870000000000000000e+02 2.116103871770813605e-02
7.880000000000000000e+02 -1.048519186150564941e-03
7.890000000000000000e+02 -3.172742649417870098e-02
7.900000000000000000e+02 -3.477179119190909606e-02
7.910000000000000000e+02 -2.253218081088459446e-02
7.920000000000000000e+02 1.497109030081900105e-02
7.930000000000000000e+02 -2.093046514325036522e-02
7.940000000000000000e+02 -2.927183523085330474e-02
7.950000000000000000e+02 1.371381479318933838e-02
7.960000000000000000e+02 2.142373397717722838e-05
7.970000000000000000e+02 -7.339764568910056575e-03
7.980000000000000000e+02 9.649847453225723903e-03
7.990000000000000000e+02 -1.020968647825504227e-02
8.000000000000000000e+02 -3.174869111162159641e-04
8.010000000000000000e+02 6.581535301011687267e-03
8.020000000000000000e+02 -2.400467714097731520e-02
8.030000000000000000e+02 3.282669898667966990e-02
8.040000000000000000e+02 -6.184487756223377986e-03
8.050000000000000000e+02 -2.810111742949794600e-02
8.060000000000000000e+02 2.333697748335405997e-02
8.070000000000000000e+02 -2.835231870885057681e-02
8.080000000000000000e+02 -1.384829340370885564e-02
8.090000000000000000e+02 1.188584035731077293e-03
8.100000000000000000e+02 -2.355717917290400809e-02
8.110000000000000000e+02 -7.772566453381424267e-03
8.120000000000000000e+02 -1.496046371288173304e-02
8.130000000000000000e+02 -9.683505088189492405e-03
8.140000000000000000e+02 -1.886556806357075899e-02
8.150000000000000000e+02 -5.629884346770919201e-03
8.160000000000000000e+02 -1.882598094023602009e-02
8.170000000000000000e+02 -1.552184632429642885e-02
8.180000000000000000e+02 8.380215897156206850e-03
8.190000000000000000e+02 -2.416497848184739894e-02
8.200000000000000000e+02 -6.516217249015299195e-03
8.210000000000000000e+02 4.550230635669838541e-03
8.220000000000000000e+02 -1.050582389855680976e-02
8.230000000000000000e+02 1.259132366381932044e-02
8.240000000000000000e+02 4.004179441423505459e-03
8.250000000000000000e+02 -3.255235620509400185e-02
8.260000000000000000e+02 2.216312360360839229e-02
8.270000000000000000e+02 -2.739075006323388184e-02
8.280000000000000000e+02 -2.060369040082254966e-02
8.290000000000000000e+02 2.878110793927579625e-02
8.300000000000000000e+02 -1.992717694494994252e-02
8.310000000000000000e+02 2.071611641887849409e-03
8.320000000000000000e+02 1.057382636470383108e-02
8.330000000000000000e+02 -1.630124110571173901e-03
8.340000000000000000e+02 1.602645465452878781e-02
8.350000000000000000e+02 8.782828671022313571e-04
8.360000000000000000e+02 -1.381534543284501648e-02
8.370000000000000000e+02 1.302380882612697022e-03
8.380000000000000000e+02 1.130956057786558500e-02
8.390000000000000000e+02 7.182178499680391681e-03
8.400000000000000000e+02 -1.447159162860101045e-02
8.410000000000000000e+02 -6.848961211408211014e-03
8.420000000000000000e+02 1.485461915175945169e-02
8.430000000000000000e+02 -2.310515398414203503e-03
8.440000000000000000e+02 -6.470495821352395538e-03
8.450000000000000000e+02 -1.782760211387601768e-02
8.460000000000000000e+02 -1.002478319459632061e-02
8.470000000000000000e+02 1.447874374563196120e-02
8.480000000000000000e+02 -9.345257705715481755e-03
8.490000000000000000e+02 2.068846357274889414e-04
8.500000000000000000e+02 9.268175508780895910e-03
8.510000000000000000e+02 -2.010892775876216287e-02
8.520000000000000000e+02 -7.294062512382626373e-03
8.530000000000000000e+02 -2.234984143482154906e-02
8.540000000000000000e+02 -1.217931515974501888e-02
8.550000000000000000e+02 1.106341871204963301e-02
8.560000000000000000e+02 -2.224521922977362731e-02
8.570000000000000000e+02 -1.679732329834449089e-02
8.580000000000000000e+02 -1.737054454549491478e-02
8.590000000000000000e+02 -1.018129272357237713e-02
8.600000000000000000e+02 -1.304075168655183248e-02
8.610000000000000000e+02 4.383542974160214989e-03
8.620000000000000000e+02 -1.328705205830893465e-02
8.630000000000000000e+02 8.039669295040963171e-03
8.640000000000000000e+02 -1.597575337216916580e-02
8.650000000000000000e+02 -1.368120452418475352e-02
8.660000000000000000e+02 1.565055424101757797e-02
8.670000000000000000e+02 -2.704876447801141115e-02
8.680000000000000000e+02 1.365960532182475262e-02
8.690000000000000000e+02 -2.103649471296364926e-02
8.700000000000000000e+02 -1.973289140362877170e-02
8.710000000000000000e+02 1.778970225311438114e-02
8.720000000000000000e+02 -1.533887661430854976e-02
8.730000000000000000e+02 -2.466373281523059902e-02
8.740000000000000000e+02 -1.493651852121757884e-02
8.750000000000000000e+02 -1.142403353921750409e-02
8.760000000000000000e+02 -1.128006579957874234e-02
8.770000000000000000e+02 -2.083117893610009208e-02
8.780000000000000000e+02 -1.704927587431726010e-02
8.790000000000000000e+02 -2.877600366204058346e-02
8.800000000000000000e+02 -1.883328698066677465e-02
8.810000000000000000e+02 4.427866545563263756e-04
8.820000000000000000e+02 -1.579904022846079226e-02
8.830000000000000000e+02 -1.999229438246241664e-02
8.840000000000000000e+02 -5.665211420614602034e-04
8.850000000000000000e+02 -1.539168698205639618e-02
8.860000000000000000e+02 9.947223961161988370e-04
8.870000000000000000e+02 7.242167583962344501e-03
8.880000000000000000e+02 -1.405829002263858651e-02
8.890000000000000000e+02 6.980565698022300758e-03
8.900000000000000000e+02 -8.599925552818188379e-03
8.910000000000000000e+02 -2.054205696478961229e-04
8.920000000000000000e+02 1.125287810134967259e-02
8.930000000000000000e+02 -7.901644679838670804e-03
8.940000000000000000e+02 -7.814157548063138670e-03
8.950000000000000000e+02 -4.032313784679164570e-03
8.960000000000000000e+02 -3.303404144524801911e-02
8.970000000000000000e+02 -7.546073969676325710e-03
8.980000000000000000e+02 -2.712661103631586190e-02
8.990000000000000000e+02 -2.538076153355617315e-02
9.000000000000000000e+02 5.412127556590817790e-03
9.010000000000000000e+02 -1.913632383602803522e-02
9.020000000000000000e+02 3.464430712436183946e-03
9.030000000000000000e+02 -1.182675991727288878e-02
9.040000000000000000e+02 -1.421523385043910181e-02
9.050000000000000000e+02 6.594075139180533007e-03
9.060000000000000000e+02 7.342377459781390669e-04
9.070000000000000000e+02 -1.956348668738272512e-02
9.080000000000000000e+02 -4.072337131209902150e-02
9.090000000000000000e+02 -8.216616475458127233e-03
9.100000000000000000e+02 -1.122966751720078094e-03
9.110000000000000000e+02 -1.961010510533123252e-02
9.120000000000000000e+02 -2.752627322308853763e-03
9.130000000000000000e+02 -1.284392044474413908e-02
9.140000000000000000e+02 -3.186175080887165834e-02
9.150000000000000000e+02 -1.564940652099655605e-02
9.160000000000000000e+02 5.963201092533676473e-04
9.170000000000000000e+02 -2.623624178686223551e-02
9.180000000000000000e+02 -1.616454675224110460e-02
9.190000000000000000e+02 -2.333674378057937204e-02
9.200000000000000000e+02 -1.638866460625887367e-02
9.210000000000000000e+02 -1.889943528325577216e-02
9.220000000000000000e+02 -4.215733461493098577e-02
9.230000000000000000e+02 6.781352471002977111e-03
9.240000000000000000e+02 6.864670193410526977e-04
9.250000000000000000e+02 -2.785391998377795275e-02
9.260000000000000000e+02 -1.619159047873719448e-02
9.270000000000000000e+02 3.803600571497645078e-03
9.280000000000000000e+02 5.600375243861033248e-03
9.290000000000000000e+02 -5.970592056682155757e-04
9.300000000000000000e+02 1.928905829433358310e-02
9.310000000000000000e+02 -5.504154342565570346e-03
9.320000000000000000e+02 1.602846150571435313e-02
9.330000000000000000e+02 -2.839305436933226012e-03
9.340000000000000000e+02 -3.600058052528209984e-02
9.350000000000000000e+02 5.584552099970885308e-03
9.360000000000000000e+02 -5.190197104185667598e-02
9.370000000000000000e+02 8.832801588080640975e-03
9.380000000000000000e+02 -3.499774761413165791e-03
9.390000000000000000e+02 -3.894350706093785419e-02
9.400000000000000000e+02 -8.575981293530543503e-03
9.410000000000000000e+02 -3.648730518038834081e-02
9.420000000000000000e+02 3.927397186491121683e-02
9.430000000000000000e+02 -8.625944556375453320e-02
9.440000000000000000e+02 1.044992744292483344e-03
9.450000000000000000e+02 2.953437272455416984e-02
9.460000000000000000e+02 -8.370681425612003235e-02
9.470000000000000000e+02 7.308411190383512501e-02
9.480000000000000000e+02 -5.511213672508830097e-02
9.490000000000000000e+02 -2.446345511678293949e-02
9.500000000000000000e+02 1.878097557600633127e-02
9.510000000000000000e+02 -1.847937778345942750e-02
9.520000000000000000e+02 3.981911823248662774e-02
9.530000000000000000e+02 -4.091583885638483409e-02
9.540000000000000000e+02 8.749836522755294332e-03
9.550000000000000000e+02 -2.677662071625819262e-02
9.560000000000000000e+02 -1.172903755802590098e-02
9.570000000000000000e+02 3.478310065251344341e-04
9.580000000000000000e+02 -3.855451644265750488e-02
9.590000000000000000e+02 2.169641148627754479e-02
9.600000000000000000e+02 -4.524932136279991024e-02
9.610000000000000000e+02 -2.686350905416334811e-02
9.620000000000000000e+02 7.774611153368415906e-03
9.630000000000000000e+02 -3.053237154877763704e-02
9.640000000000000000e+02 -6.688969805468403251e-05
9.650000000000000000e+02 -1.501656820002328363e-02
9.660000000000000000e+02 -1.443273521099408541e-03
9.670000000000000000e+02 -2.112967485668271195e-02
9.680000000000000000e+02 -2.708567624094226911e-02
9.690000000000000000e+02 1.175882669090022592e-02
9.700000000000000000e+02 -2.636431570972908034e-02
9.710000000000000000e+02 3.779657142116921165e-03
9.720000000000000000e+02 -9.551640175851860981e-03
9.730000000000000000e+02 6.115273854740976844e-03
9.740000000000000000e+02 2.544631959307541713e-02
9.750000000000000000e+02 -2.335308049823692222e-02
9.760000000000000000e+02 -8.038986377537749028e-03
9.770000000000000000e+02 -9.262684548641653137e-03
9.780000000000000000e+02 8.964306428697277340e-03
9.790000000000000000e+02 -1.245640367893918743e-02
9.800000000000000000e+02 -2.075995699449584286e-02
9.810000000000000000e+02 -1.324286116403328162e-02
9.820000000000000000e+02 -1.360625737151388570e-02
9.830000000000000000e+02 -1.509647225715571306e-02
9.840000000000000000e+02 2.409805234026007881e-04
9.850000000000000000e+02 -7.814324446568821081e-03
9.860000000000000000e+02 -1.667929008199275920e-02
9.870000000000000000e+02 -7.675568902639096081e-03
9.880000000000000000e+02 -2.400869811548900223e-02
9.890000000000000000e+02 -1.800233129170158985e-02
9.900000000000000000e+02 -3.501166514529474583e-03
9.910000000000000000e+02 1.215219685497848090e-02
9.920000000000000000e+02 -1.675303269752959068e-03
9.930000000000000000e+02 8.273675126256763157e-03
9.940000000000000000e+02 2.820188103249798850e-03
9.950000000000000000e+02 -1.124908037430039087e-03
9.960000000000000000e+02 -1.904334361203985360e-02
9.970000000000000000e+02 -3.181783972578189346e-02
9.980000000000000000e+02 2.886247106948847119e-02
9.990000000000000000e+02 -1.353365386362781475e-02
1.000000000000000000e+03 -1.960549470036621056e-02
1.001000000000000000e+03 1.922038325514785484e-02
1.002000000000000000e+03 -4.148829411060728223e-02
1.003000000000000000e+03 -1.245247553138673080e-02
1.004000000000000000e+03 1.001298934569805343e-02
1.005000000000000000e+03 -5.015300229784802610e-02
1.006000000000000000e+03 6.469872334389115132e-03
1.007000000000000000e+03 -6.145545682288200418e-03
1.008000000000000000e+03 -3.310292360960909175e-02
1.009000000000000000e+03 -1.362209524833779550e-02
1.010000000000000000e+03 -1.755390894177699668e-02
1.011000000000000000e+03 -5.414196534462067945e-03
1.012000000000000000e+03 -2.968450753871099135e-02
1.013000000000000000e+03 2.089764984888331512e-03
1.014000000000000000e+03 -2.224449886495405426e-02
1.015000000000000000e+03 -1.167989335230867898e-02
1.016000000000000000e+03 3.256287502001353751e-03
1.017000000000000000e+03 -2.883035598141348022e-02
1.018000000000000000e+03 -9.672159645497391267e-04
1.019000000000000000e+03 -6.144692963131914709e-03
1.020000000000000000e+03 5.064425631026048258e-03
1.021000000000000000e+03 -3.977547084972732350e-02
1.022000000000000000e+03 -3.294529692312064828e-02
1.023000000000000000e+03 2.754504805814972368e-02
1.024000000000000000e+03 -7.485649572145591790e-03
1.025000000000000000e+03 -2.062796103676622916e-02
1.026000000000000000e+03 -3.095291299028768428e-02
1.027000000000000000e+03 -7.333716013775304354e-03
1.028000000000000000e+03 -2.153169240185259792e-02
1.029000000000000000e+03 -4.438488999106282584e-02
1.030000000000000000e+03 -5.863429910713424675e-03
1.031000000000000000e+03 -2.959058244331902454e-02
1.032000000000000000e+03 -3.680856474435090231e-02
1.033000000000000000e+03 -8.913973213751313907e-03
1.034000000000000000e+03 -1.909500097101080041e-02
1.035000000000000000e+03 -3.238359575058169515e-02
1.036000000000000000e+03 -6.839943302795248314e-03
1.037000000000000000e+03 8.178714791770791415e-03
1.038000000000000000e+03 4.779896926857540862e-04
1.039000000000000000e+03 -2.135991511707291401e-02
1.040000000000000000e+03 -5.940230630432474790e-03
1.041000000000000000e+03 -1.650857846318332101e-02
1.042000000000000000e+03 -5.483292523047578193e-03
1.043000000000000000e+03 -1.081172746465430823e-02
1.044000000000000000e+03 -2.771367970057370123e-02
1.045000000000000000e+03 6.308879319507521011e-03
1.046000000000000000e+03 -1.873759556552767602e-02
1.047000000000000000e+03 -4.221061753976407260e-03
1.048000000000000000e+03 -2.395004573193704189e-02
1.049000000000000000e+03 -2.435024166631316600e-02
1.050000000000000000e+03 -4.521967899562273629e-03
1.051000000000000000e+03 -2.711158483633990812e-02
1.052000000000000000e+03 -6.025037208047256954e-03
1.053000000000000000e+03 -1.239440913152356494e-02
1.054000000000000000e+03 -4.542429025173877477e-03
1.055000000000000000e+03 -1.625204613099262563e-02
1.056000000000000000e+03 -2.106753259923854760e-02
1.057000000000000000e+03 9.151951994110008037e-03
1.058000000000000000e+03 -2.360993937942068577e-02
1.059000000000000000e+03 5.485806735554765723e-03
1.060000000000000000e+03 4.159347399609547580e-03
1.061000000000000000e+03 -1.206440500243888270e-02
1.062000000000000000e+03 -2.620114495725966997e-03
1.063000000000000000e+03 -1.099215021118749025e-02
1.064000000000000000e+03 3.339155880005106880e-03
1.065000000000000000e+03 -1.529510584240378890e-02
1.066000000000000000e+03 -2.038685810162532697e-02
1.067000000000000000e+03 1.428369618737601598e-03
1.068000000000000000e+03 -1.497776897232661053e-02
1.069000000000000000e+03 -3.281560983417874944e-02
1.070000000000000000e+03 1.067458068167514984e-02
1.071000000000000000e+03 -1.819213368333794101e-02
1.072000000000000000e+03 -1.846602833821364698e-02
1.073000000000000000e+03 -6.173350070305727577e-03
1.074000000000000000e+03 -1.245494812649816652e-02
1.075000000000000000e+03 -1.207959642271838607e-02
1.076000000000000000e+03 -4.940413348458072562e-03
1.077000000000000000e+03 -2.064719407819926023e-02
1.078000000000000000e+03 -2.178332756296308403e-03
1.079000000000000000e+03 -9.920970539494256002e-04
1.080000000000000000e+03 -1.561655828871055807e-02
1.081000000000000000e+03 1.239157306356941657e-02
1.082000000000000000e+03 -2.609092889676534188e-02
1.083000000000000000e+03 -2.930020678214628749e-02
1.084000000000000000e+03 -5.502993020504276522e-03
1.085000000000000000e+03 1.351574732378513222e-02
1.086000000000000000e+03 -1.059248437596260750e-02
1.087000000000000000e+03 -2.298576956188191911e-02
1.088000000000000000e+03 8.034497569288090446e-03
1.089000000000000000e+03 -4.919040296412768853e-03
1.090000000000000000e+03 -1.153750106080198012e-02
1.091000000000000000e+03 -2.194634281126661701e-02
1.092000000000000000e+03 -3.246038516675930907e-03
1.093000000000000000e+03 -2.281416802623015272e-02
1.094000000000000000e+03 -1.958207704758441192e-02
1.095000000000000000e+03 1.053590835124706970e-02
1.096000000000000000e+03 -1.546442278492143885e-02
1.097000000000000000e+03 -8.197219042072045880e-05
1.098000000000000000e+03 5.095986029282184582e-03
1.099000000000000000e+03 -4.673508853000218899e-03
1.100000000000000000e+03 -2.341341667423946227e-03
1.101000000000000000e+03 1.266855868459892953e-02
1.102000000000000000e+03 -5.909129052537043236e-04
1.103000000000000000e+03 -2.152736460639526062e-02
1.104000000000000000e+03 -1.079356198732406291e-02
1.105000000000000000e+03 -2.406730988575378483e-02
1.106000000000000000e+03 -5.833878096194400342e-03
1.107000000000000000e+03 3.995271924381649242e-03
1.108000000000000000e+03 -5.253070972101037128e-03
1.109000000000000000e+03 -1.962977297791479447e-02
1.110000000000000000e+03 -2.046963812895274959e-02
1.111000000000000000e+03 -1.727431951255242737e-02
1.112000000000000000e+03 -3.098577004380409505e-02
1.113000000000000000e+03 -1.290869181580056591e-02
1.114000000000000000e+03 -1.023467222228080509e-02
1.115000000000000000e+03 -1.397410018236211471e-02
1.116000000000000000e+03 -1.334254274935087192e-02
1.117000000000000000e+03 -1.014096562800637091e-02
1.118000000000000000e+03 -8.555095154684555503e-03
1.119000000000000000e+03 -1.510417622403015248e-02
1.120000000000000000e+03 -1.681167614604350824e-02
1.121000000000000000e+03 -1.783318014038171029e-02
1.122000000000000000e+03 -2.072566090347860435e-02
1.123000000000000000e+03 -2.677746625135568603e-02
1.124000000000000000e+03 -1.245352052309811608e-02
1.125000000000000000e+03 -1.708851494863461440e-02
1.126000000000000000e+03 -2.321285998713873422e-02
1.127000000000000000e+03 -7.853803168865525208e-03
1.128000000000000000e+03 -1.389558891400299867e-02
1.129000000000000000e+03 -1.094380559688235000e-02
1.130000000000000000e+03 -1.132559159736168386e-02
1.131000000000000000e+03 -1.554200416304230004e-02
1.132000000000000000e+03 -7.332605093891442216e-03
1.133000000000000000e+03 -9.019748379591074894e-03
1.134000000000000000e+03 -9.825035622395672519e-03
1.135000000000000000e+03 1.130196641837888372e-03
1.136000000000000000e+03 -2.285751019990678312e-02
1.137000000000000000e+03 1.237803443817853122e-03
1.138000000000000000e+03 -7.699307137354782782e-03
1.139000000000000000e+03 -1.879225940993445310e-02
1.140000000000000000e+03 4.397925146123471407e-03
1.141000000000000000e+03 -1.690031347429288289e-02
1.142000000000000000e+03 7.369020029183159792e-03
1.143000000000000000e+03 7.754955874842206498e-03
1.144000000000000000e+03 5.900195367172900163e-03
1.145000000000000000e+03 1.662674372972816617e-02
1.146000000000000000e+03 4.955354038832959773e-03
1.147000000000000000e+03 1.364755839256770464e-02
1.148000000000000000e+03 1.191207471056576761e-02
1.149000000000000000e+03 -5.645082464410977607e-03
1.150000000000000000e+03 -1.338808643902167361e-02
1.151000000000000000e+03 1.021918425687540211e-02
1.152000000000000000e+03 1.347677845595274260e-02
1.153000000000000000e+03 -1.536917555484418330e-02
1.154000000000000000e+03 -5.621970050342928182e-03
1.155000000000000000e+03 -1.636545435500291745e-03
1.156000000000000000e+03 8.363576869908850853e-03
1.157000000000000000e+03 -1.185832374559125935e-02
1.158000000000000000e+03 -4.572467008146041678e-02
1.159000000000000000e+03 2.751309013160230243e-03
1.160000000000000000e+03 1.571763894204236678e-02
1.161000000000000000e+03 5.644940567862688496e-03
1.162000000000000000e+03 -6.496698047705029566e-03
1.163000000000000000e+03 -2.501013880215730012e-02
1.164000000000000000e+03 -1.067309011175687772e-03
1.165000000000000000e+03 5.844517063112730781e-03
1.166000000000000000e+03 -1.761447646826752589e-02
1.167000000000000000e+03 -1.298894558466623383e-02
1.168000000000000000e+03 -7.541047103761022719e-03
1.169000000000000000e+03 -1.804341167345768771e-02
1.170000000000000000e+03 -1.884588691587330000e-02
1.171000000000000000e+03 -1.098904823337176762e-02
1.172000000000000000e+03 -5.116772748146591887e-03
1.173000000000000000e+03 -3.429822109665414676e-02
1.174000000000000000e+03 -1.304287408335980114e-02
1.175000000000000000e+03 6.193230031276586445e-03
1.176000000000000000e+03 -1.819464752813904074e-02
1.177000000000000000e+03 -8.423590418914050915e-03
1.178000000000000000e+03 -3.373168686132765881e-02
1.179000000000000000e+03 -1.067279575748836251e-02
1.180000000000000000e+03 8.228211692757780860e-03
1.181000000000000000e+03 -4.628638164801834876e-02
1.182000000000000000e+03 -4.500783199865132644e-03
1.183000000000000000e+03 1.125352507622356946e-03
1.184000000000000000e+03 -5.332539846816586326e-03
1.185000000000000000e+03 1.618313916670799379e-02
1.186000000000000000e+03 7.203547163207146831e-03
1.187000000000000000e+03 1.500425744405409212e-02
1.188000000000000000e+03 -1.239771255128907512e-02
1.189000000000000000e+03 5.249775230079967159e-03
1.190000000000000000e+03 5.472541511666761949e-03
1.191000000000000000e+03 -1.261861437714795198e-02
1.192000000000000000e+03 -9.496307783572022210e-03
1.193000000000000000e+03 -2.041851187205245832e-02
1.194000000000000000e+03 6.236126259520857751e-03
1.195000000000000000e+03 -1.472457420640016501e-02
1.196000000000000000e+03 -2.344878967189356622e-02
1.197000000000000000e+03 -1.234593907948111635e-02
1.198000000000000000e+03 -3.220534252669315922e-02
1.199000000000000000e+03 -3.770120667650422863e-02
